Sample:
from graph.dat
1 2 10 3 5 4 100
2 1 5
4 3 50 2 10

graph:

    +-----5-------->[3]
    |                ^
    |                |
    |                50
    |                |
+->[1]--10-->[2]<-10-+
|   |         |      |
+---=---5-----+      |
    |                |
   100               |
    |                |
    V                |
   [4]---------------+

matrix in Graph class should be like
column #	-> from
row #   	-> to
	1	2	3	4
1	0	10	5	100
2	5	0	0	0
3	0	0	0	0
4	0	10	50	0

0: no link, otherwise: weight

In Path
1) node 1
	1	2	3	4
1	0	10	5	100
2	0	0	0	0
3	0	0	0	0
4	0	0	0	0

2) node 2
	1	2	3	4
1	0	0	0	0
2	0	0	0	0
3	0	0	0	0
4	0	0	0	0

3) node 3
	1	2	3	4
1	0	0	0	0
2	0	0	0	0
3	0	0	0	0
4	0	0	0	0

4) node 3
	1	2	3	4
1	0	0	0	0
2	0	0	0	0
3	0	0	0	0
4	0	10	50	0
